000010100000000000000000       1
000010100000000000000000      10
000010100000000000000000      11
000010100000000000000000     100
000010100000000000000000     101
000010100000000000000000     110
000010100000000000000000     111
000010100000000000000000    1000
000010100000000000000000    1001
000010100000000000000000    1010
000010100000000000000000    1011
000010100000000000000000    1100
000010100000000000000000    1101
000010100000000000000000    1110
000010100000000000000000    1111
000010100000000000000000   10000
000010100000000000000000   10001
000010100000000000000000   10010
000010100000000000000000   10011
000010100000000000000000   10100
000010100000000000000000   10101
000010100000000000000000   10110
000010100000000000000000   10111
000010100000000000000000   11000
000010100000000000000000   11001
000010100000000000000000   11010
000010100000000000000000   11011
000010100000000000000000   11100
000010100000000000000000   11101
000010100000000000000000   11110
000010100000000000000000   11111
000010100000000000000000  100000
000010100000000000000000  100001
000010100000000000000000  100010
000010100000000000000000  100011
000010100000000000000000  100100
000010100000000000000000  100101
000010100000000000000000  100110
000010100000000000000000  100111
000010100000000000000000  101000
000010100000000000000000  101001
000010100000000000000000  101010
000010100000000000000000  101011
000010100000000000000000  101100
000010100000000000000000  101101
000010100000000000000000  101110
000010100000000000000000  101111
000010100000000000000000  110000
000010100000000000000000  110001
000010100000000000000000  110010
000010100000000000000000  110011
000010100000000000000000  110100
000010100000000000000000  110101
000010100000000000000000  110110
000010100000000000000000  110111
000010100000000000000000  111000
000010100000000000000000  111001
000010100000000000000000  111010
000010100000000000000000  111011
000010100000000000000000  111100
000010100000000000000000  111101
000010100000000000000000  111110
000010100000000000000000  111111
000010100000000000000000 1000000
000010100000000000000000 1000001
000010100000000000000000 1000010
000010100000000000000000 1000011
000010100000000000000000 1000100
000010100000000000000000 1000101
000010100000000000000000 1000110
000010100000000000000000 1000111
000010100000000000000000 1001000
000010100000000000000000 1001001
000010100000000000000000 1001010
000010100000000000000000 1001011
000010100000000000000000 1001100
000010100000000000000000 1001101
000010100000000000000000 1001110
000010100000000000000000 1001111
000010100000000000000000 1010000
000010100000000000000000 1010001
000010100000000000000000 1010010
000010100000000000000000 1010011
000010100000000000000000 1010100
000010100000000000000000 1010101
000010100000000000000000 1010110
000010100000000000000000 1010111
000010100000000000000000 1011000
000010100000000000000000 1011001
000010100000000000000000 1011010
000010100000000000000000 1011011
000010100000000000000000 1011100
000010100000000000000000 1011101
000010100000000000000000 1011110
000010100000000000000000 1011111
000010100000000000000000 1100000
000010100000000000000000 1100001
000010100000000000000000 1100010
000010100000000000000000 1100011
000010100000000000000000 1100100
000010100000000000000000 1100101
000010100000000000000000 1100110
000010100000000000000000 1100111
000010100000000000000000 1101000
000010100000000000000000 1101001
000010100000000000000000 1101010
000010100000000000000000 1101011
000010100000000000000000 1101100
000010100000000000000000 1101101
000010100000000000000000 1101110
000010100000000000000000 1101111
000010100000000000000000 1110000
000010100000000000000000 1110001
000010100000000000000000 1110010
000010100000000000000000 1110011
000010100000000000000000 1110100
000010100000000000000000 1110101
000010100000000000000000 1110110
000010100000000000000000 1110111
000010100000000000000000 1111000
000010100000000000000000 1111001
000010100000000000000000 1111010
000010100000000000000000 1111011
000010100000000000000000 1111100
000010100000000000000000 1111101
000010100000000000000000 1111110
000010100000000000000000 1111111
00001010000000000000000010000000
00001010000000000000000010000001
00001010000000000000000010000010
00001010000000000000000010000011
00001010000000000000000010000100
00001010000000000000000010000101
00001010000000000000000010000110
00001010000000000000000010000111
00001010000000000000000010001000
00001010000000000000000010001001
00001010000000000000000010001010
00001010000000000000000010001011
00001010000000000000000010001100
00001010000000000000000010001101
00001010000000000000000010001110
00001010000000000000000010001111
00001010000000000000000010010000
00001010000000000000000010010001
00001010000000000000000010010010
00001010000000000000000010010011
00001010000000000000000010010100
00001010000000000000000010010101
00001010000000000000000010010110
00001010000000000000000010010111
00001010000000000000000010011000
00001010000000000000000010011001
00001010000000000000000010011010
00001010000000000000000010011011
00001010000000000000000010011100
00001010000000000000000010011101
00001010000000000000000010011110
00001010000000000000000010011111
00001010000000000000000010100000
00001010000000000000000010100001
00001010000000000000000010100010
00001010000000000000000010100011
00001010000000000000000010100100
00001010000000000000000010100101
00001010000000000000000010100110
00001010000000000000000010100111
00001010000000000000000010101000
00001010000000000000000010101001
00001010000000000000000010101010
00001010000000000000000010101011
00001010000000000000000010101100
00001010000000000000000010101101
00001010000000000000000010101110
00001010000000000000000010101111
00001010000000000000000010110000
00001010000000000000000010110001
00001010000000000000000010110010
00001010000000000000000010110011
00001010000000000000000010110100
00001010000000000000000010110101
00001010000000000000000010110110
00001010000000000000000010110111
00001010000000000000000010111000
00001010000000000000000010111001
00001010000000000000000010111010
00001010000000000000000010111011
00001010000000000000000010111100
00001010000000000000000010111101
00001010000000000000000010111110
00001010000000000000000010111111
00001010000000000000000011000000
00001010000000000000000011000001
00001010000000000000000011000010
00001010000000000000000011000011
00001010000000000000000011000100
00001010000000000000000011000101
00001010000000000000000011000110
00001010000000000000000011000111
00001010000000000000000011001000
00001010000000000000000011001001
00001010000000000000000011001010
00001010000000000000000011001011
00001010000000000000000011001100
00001010000000000000000011001101
00001010000000000000000011001110
00001010000000000000000011001111
00001010000000000000000011010000
00001010000000000000000011010001
00001010000000000000000011010010
00001010000000000000000011010011
00001010000000000000000011010100
00001010000000000000000011010101
00001010000000000000000011010110
00001010000000000000000011010111
00001010000000000000000011011000
00001010000000000000000011011001
00001010000000000000000011011010
00001010000000000000000011011011
00001010000000000000000011011100
00001010000000000000000011011101
00001010000000000000000011011110
00001010000000000000000011011111
00001010000000000000000011100000
00001010000000000000000011100001
00001010000000000000000011100010
00001010000000000000000011100011
00001010000000000000000011100100
00001010000000000000000011100101
00001010000000000000000011100110
00001010000000000000000011100111
00001010000000000000000011101000
00001010000000000000000011101001
00001010000000000000000011101010
00001010000000000000000011101011
00001010000000000000000011101100
00001010000000000000000011101101
00001010000000000000000011101110
00001010000000000000000011101111
00001010000000000000000011110000
00001010000000000000000011110001
00001010000000000000000011110010
00001010000000000000000011110011
00001010000000000000000011110100
00001010000000000000000011110101
00001010000000000000000011110110
00001010000000000000000011110111
00001010000000000000000011111000
00001010000000000000000011111001
00001010000000000000000011111010
00001010000000000000000011111011
00001010000000000000000011111100
00001010000000000000000011111101
00001010000000000000000011111110
