11000000101010000000000100000001
11000000101010000000000100000010
11000000101010000000000100000011
11000000101010000000000100000100
11000000101010000000000100000101
11000000101010000000000100000110
11000000101010000000000100000111
11000000101010000000000100001000
11000000101010000000000100001001
11000000101010000000000100001010
11000000101010000000000100001011
11000000101010000000000100001100
11000000101010000000000100001101
11000000101010000000000100001110
11000000101010000000000100001111
11000000101010000000000100010000
11000000101010000000000100010001
11000000101010000000000100010010
11000000101010000000000100010011
11000000101010000000000100010100
11000000101010000000000100010101
11000000101010000000000100010110
11000000101010000000000100010111
11000000101010000000000100011000
11000000101010000000000100011001
11000000101010000000000100011010
11000000101010000000000100011011
11000000101010000000000100011100
11000000101010000000000100011101
11000000101010000000000100011110
11000000101010000000000100011111
11000000101010000000000100100000
11000000101010000000000100100001
11000000101010000000000100100010
11000000101010000000000100100011
11000000101010000000000100100100
11000000101010000000000100100101
11000000101010000000000100100110
11000000101010000000000100100111
11000000101010000000000100101000
11000000101010000000000100101001
11000000101010000000000100101010
11000000101010000000000100101011
11000000101010000000000100101100
11000000101010000000000100101101
11000000101010000000000100101110
11000000101010000000000100101111
11000000101010000000000100110000
11000000101010000000000100110001
11000000101010000000000100110010
11000000101010000000000100110011
11000000101010000000000100110100
11000000101010000000000100110101
11000000101010000000000100110110
11000000101010000000000100110111
11000000101010000000000100111000
11000000101010000000000100111001
11000000101010000000000100111010
11000000101010000000000100111011
11000000101010000000000100111100
11000000101010000000000100111101
11000000101010000000000100111110
11000000101010000000000100111111
11000000101010000000000101000000
11000000101010000000000101000001
11000000101010000000000101000010
11000000101010000000000101000011
11000000101010000000000101000100
11000000101010000000000101000101
11000000101010000000000101000110
11000000101010000000000101000111
11000000101010000000000101001000
11000000101010000000000101001001
11000000101010000000000101001010
11000000101010000000000101001011
11000000101010000000000101001100
11000000101010000000000101001101
11000000101010000000000101001110
11000000101010000000000101001111
11000000101010000000000101010000
11000000101010000000000101010001
11000000101010000000000101010010
11000000101010000000000101010011
11000000101010000000000101010100
11000000101010000000000101010101
11000000101010000000000101010110
11000000101010000000000101010111
11000000101010000000000101011000
11000000101010000000000101011001
11000000101010000000000101011010
11000000101010000000000101011011
11000000101010000000000101011100
11000000101010000000000101011101
11000000101010000000000101011110
11000000101010000000000101011111
11000000101010000000000101100000
11000000101010000000000101100001
11000000101010000000000101100010
11000000101010000000000101100011
11000000101010000000000101100100
11000000101010000000000101100101
11000000101010000000000101100110
11000000101010000000000101100111
11000000101010000000000101101000
11000000101010000000000101101001
11000000101010000000000101101010
11000000101010000000000101101011
11000000101010000000000101101100
11000000101010000000000101101101
11000000101010000000000101101110
11000000101010000000000101101111
11000000101010000000000101110000
11000000101010000000000101110001
11000000101010000000000101110010
11000000101010000000000101110011
11000000101010000000000101110100
11000000101010000000000101110101
11000000101010000000000101110110
11000000101010000000000101110111
11000000101010000000000101111000
11000000101010000000000101111001
11000000101010000000000101111010
11000000101010000000000101111011
11000000101010000000000101111100
11000000101010000000000101111101
11000000101010000000000101111110
11000000101010000000000101111111
11000000101010000000000110000000
11000000101010000000000110000001
11000000101010000000000110000010
11000000101010000000000110000011
11000000101010000000000110000100
11000000101010000000000110000101
11000000101010000000000110000110
11000000101010000000000110000111
11000000101010000000000110001000
11000000101010000000000110001001
11000000101010000000000110001010
11000000101010000000000110001011
11000000101010000000000110001100
11000000101010000000000110001101
11000000101010000000000110001110
11000000101010000000000110001111
11000000101010000000000110010000
11000000101010000000000110010001
11000000101010000000000110010010
11000000101010000000000110010011
11000000101010000000000110010100
11000000101010000000000110010101
11000000101010000000000110010110
11000000101010000000000110010111
11000000101010000000000110011000
11000000101010000000000110011001
11000000101010000000000110011010
11000000101010000000000110011011
11000000101010000000000110011100
11000000101010000000000110011101
11000000101010000000000110011110
11000000101010000000000110011111
11000000101010000000000110100000
11000000101010000000000110100001
11000000101010000000000110100010
11000000101010000000000110100011
11000000101010000000000110100100
11000000101010000000000110100101
11000000101010000000000110100110
11000000101010000000000110100111
11000000101010000000000110101000
11000000101010000000000110101001
11000000101010000000000110101010
11000000101010000000000110101011
11000000101010000000000110101100
11000000101010000000000110101101
11000000101010000000000110101110
11000000101010000000000110101111
11000000101010000000000110110000
11000000101010000000000110110001
11000000101010000000000110110010
11000000101010000000000110110011
11000000101010000000000110110100
11000000101010000000000110110101
11000000101010000000000110110110
11000000101010000000000110110111
11000000101010000000000110111000
11000000101010000000000110111001
11000000101010000000000110111010
11000000101010000000000110111011
11000000101010000000000110111100
11000000101010000000000110111101
11000000101010000000000110111110
11000000101010000000000110111111
11000000101010000000000111000000
11000000101010000000000111000001
11000000101010000000000111000010
11000000101010000000000111000011
11000000101010000000000111000100
11000000101010000000000111000101
11000000101010000000000111000110
11000000101010000000000111000111
11000000101010000000000111001000
11000000101010000000000111001001
11000000101010000000000111001010
11000000101010000000000111001011
11000000101010000000000111001100
11000000101010000000000111001101
11000000101010000000000111001110
11000000101010000000000111001111
11000000101010000000000111010000
11000000101010000000000111010001
11000000101010000000000111010010
11000000101010000000000111010011
11000000101010000000000111010100
11000000101010000000000111010101
11000000101010000000000111010110
11000000101010000000000111010111
11000000101010000000000111011000
11000000101010000000000111011001
11000000101010000000000111011010
11000000101010000000000111011011
11000000101010000000000111011100
11000000101010000000000111011101
11000000101010000000000111011110
11000000101010000000000111011111
11000000101010000000000111100000
11000000101010000000000111100001
11000000101010000000000111100010
11000000101010000000000111100011
11000000101010000000000111100100
11000000101010000000000111100101
11000000101010000000000111100110
11000000101010000000000111100111
11000000101010000000000111101000
11000000101010000000000111101001
11000000101010000000000111101010
11000000101010000000000111101011
11000000101010000000000111101100
11000000101010000000000111101101
11000000101010000000000111101110
11000000101010000000000111101111
11000000101010000000000111110000
11000000101010000000000111110001
11000000101010000000000111110010
11000000101010000000000111110011
11000000101010000000000111110100
11000000101010000000000111110101
11000000101010000000000111110110
11000000101010000000000111110111
11000000101010000000000111111000
11000000101010000000000111111001
11000000101010000000000111111010
11000000101010000000000111111011
11000000101010000000000111111100
11000000101010000000000111111101
11000000101010000000000111111110
